<?xml version="1.0" encoding="UTF-8" standalone="no" ?>
<SimscapeMultibodyImportXML version="2.0" xmlns="urn:mathworks:SimscapeMultibody:import" xmlns:xsi="http://www.w3.org/2001/XMLSchema-instance">
<Created by="" on="06/04/23||20:25:13" using="Simscape Multibody Link Version 7.4" from="SolidWorks 30.3.1"/>
<ModelUnits mass="kilogram" length="millimeter"/>
<DataUnits mass="kilogram" length="meter"/>
<RootAssembly name="V5" uid="V5" version="1146">
<AssemblyFile name="V5.SLDASM" type="SolidWorks Assembly"/>
<InstanceTree>
<Instance name="20-D103-A-23" uid="20-D103-A-23" entityUid="20-D103-A*:*Default">
<Transform>
<Rotation>0.99999877656298808 6.0722595466700795e-16 0.0015642482306451365 -6.0711933527399231e-16 0.99999999999999989 0 -0.0015642482306451367 0 0.99999877656298797</Rotation>
<Translation>0.039922500000000548 0.12108524962833728 -0.090004999999999835</Translation>
</Transform>
</Instance>
<Instance name="20-D103-A-25" uid="20-D103-A-25" entityUid="20-D103-A*:*Default">
<Transform>
<Rotation>0.99999877656298808 5.5251204520074045e-16 0.0015642482306448705 -5.5249926270324601e-16 0.99999999999999989 0 -0.0015642482306448709 0 0.99999877656298797</Rotation>
<Translation>-0.039917499999999453 0.12108524962833733 -0.086829999999999977</Translation>
</Transform>
</Instance>
<Instance name="20-D103-A-26" uid="20-D103-A-26" entityUid="20-D103-A*:*Default">
<Transform>
<Rotation>1 0 0 0 1 0 0 0 1</Rotation>
<Translation>0.039922500000000569 0.13766004962833725 -0.090004999999999835</Translation>
</Transform>
</Instance>
<Instance name="20-D103-A-27" uid="20-D103-A-27" entityUid="20-D103-A*:*Default">
<Transform>
<Rotation>1 0 0 0 1 0 0 0 1</Rotation>
<Translation>-0.039917499999999571 0.13766004962833731 -0.013169999999999973</Translation>
</Transform>
</Instance>
<Instance name="20-A104-A0-1" uid="20-A104-A0-1" entityUid="20-A104-A0*:*Default">
<Transform>
<Rotation>1 1.9100970427382381e-16 1.3364196985180242e-16 1.3364196985180252e-16 -1.3877787807814457e-16 -0.99999999999999989 -1.9100970427382381e-16 0.99999999999999989 -1.3877787807814457e-16</Rotation>
<Translation>-0.0075979381443299224 -0.041000000000000036 -0.090000000000000011</Translation>
</Transform>
</Instance>
<Instance name="20-A104-A0-2" uid="20-A104-A0-2" entityUid="20-A104-A0*:*Default">
<Transform>
<Rotation>0 0 1 -1.0000000000000002 0 -1.7880886937126868e-16 0 -0.99999999999999989 0</Rotation>
<Translation>0.037250000000000012 -0.05715206185567006 -0.0099999999999999985</Translation>
</Transform>
</Instance>
<Instance name="20-M201-A2-2" uid="20-M201-A2-2" entityUid="20-M201-A2*:*open switch">
<Transform>
<Rotation>1 8.654339768047487e-16 0 8.6543397680474939e-16 -0.99999999999999989 0 0 0 -0.99999999999999989</Rotation>
<Translation>0.026399999999999989 -0.12130000000000002 -0.0042000000000000006</Translation>
</Transform>
</Instance>
<Instance name="20-A104-A0-3" uid="20-A104-A0-3" entityUid="20-A104-A0*:*Default">
<Transform>
<Rotation>1.8560837523107296e-16 1 1.9790644204144854e-16 0 1.9790644204144868e-16 -0.99999999999999989 -0.99999999999999989 1.8560837523107313e-16 0</Rotation>
<Translation>-0.039000000000000055 -0.073250000000000037 -0.042402061855670109</Translation>
</Transform>
</Instance>
<Instance name="20-M301-A6-2" uid="20-M301-A6-2" entityUid="20-M301-A6*:*Default">
<Transform>
<Rotation>1 0 0 0 1 0 0 0 1</Rotation>
<Translation>2.4999999999938859e-06 0.15498749962833733 -0.050000000000000003</Translation>
</Transform>
</Instance>
<Instance name="20-D103-A-24" uid="20-D103-A-24" entityUid="20-D103-A*:*Default">
<Transform>
<Rotation>0.99999877656298808 6.0722595466700795e-16 0.0015642482306451365 -6.0711933527399231e-16 0.99999999999999989 0 -0.0015642482306451367 0 0.99999877656298797</Rotation>
<Translation>-0.039917499999999592 0.12108524962833733 -0.013169999999999977</Translation>
</Transform>
</Instance>
<Instance name="20-P103-A4-1" uid="20-P103-A4-1" entityUid="20-P103-A4" rigid="true">
<Transform>
<Rotation>-1 0 0 0 -0.99999999999999989 1.0408340855860843e-16 0 1.0408340855860843e-16 0.99999999999999989</Rotation>
<Translation>0 -0.014173800000000052 -0.050000000000000031</Translation>
</Transform>
<Instance name="20-M402-B2-1" uid="20-M402-B2-1" grounded="true" entityUid="20-M402-B2*:*Default">
<Transform>
<Rotation>1 0 0 0 1 0 0 0 1</Rotation>
<Translation>0 0 0</Translation>
</Transform>
</Instance>
<Instance name="20-P103-B1-1" uid="20-P103-B1-1" entityUid="20-P103-B1*:*Default">
<Transform>
<Rotation>1 -1.6653345369377346e-16 0 0 0 0.99999999999999978 -1.6653345369377343e-16 -0.99999999999999978 0</Rotation>
<Translation>0 0.002381249999999998 0.014749999999999992</Translation>
</Transform>
</Instance>
<Instance name="20-P101-A1-1" uid="20-P101-A1-1" entityUid="20-P101-A1*:*Default">
<Transform>
<Rotation>1.665334536937737e-16 0 0.99999999999999989 0 -0.99999999999999989 0 1 0 -1.6653345369377368e-16</Rotation>
<Translation>-0.00086500000000002861 0.037751249999999986 0.01700999999999999</Translation>
</Transform>
</Instance>
<Instance name="20-P102-A0-1" uid="20-P102-A0-1" entityUid="20-P102-A0*:*Default">
<Transform>
<Rotation>-1.6653345369377388e-16 -0.66951845073146865 0.74279542549085076 0 0.74279542549085076 0.66951845073146865 -1 1.1383545764653961e-16 -1.2159271766148951e-16</Rotation>
<Translation>-0.013970000000000015 0.011251250000000004 0.034512197309417056</Translation>
</Transform>
</Instance>
<Instance name="20-P102-A0-2" uid="20-P102-A0-2" entityUid="20-P102-A0*:*Default">
<Transform>
<Rotation>-1.6653345369377385e-16 -0.31238583963123706 0.94995530800026962 0 0.94995530800026962 0.31238583963123706 -1 0 -1.5721598226972835e-16</Rotation>
<Translation>0.013969999999999979 0.011251250000000004 0.034512197309417014</Translation>
</Transform>
</Instance>
</Instance>
<Instance name="20-E201-A2-5" uid="20-E201-A2-5" entityUid="20-E201-A2*:*Default">
<Transform>
<Rotation>0 -0.99999999999999989 -1.2274960542997704e-16 0 1.2274960542997706e-16 -0.99999999999999978 0.99999999999999989 0 0</Rotation>
<Translation>-0.050000000000000051 -0.15313000037166266 -0.091295000000000029</Translation>
</Transform>
</Instance>
<Instance name="20-C102-A-1" uid="20-C102-A-1" entityUid="20-C102-A*:*Default">
<Transform>
<Rotation>-1 -1.0477314557002895e-15 4.4706424190911511e-16 1.0477314557002897e-15 -1 1.9428902930940239e-16 4.4706424190911482e-16 1.9428902930940239e-16 1</Rotation>
<Translation>0 0.16100071508333733 0.062068513682433497</Translation>
</Transform>
</Instance>
<Instance name="20-D103-A-28" uid="20-D103-A-28" entityUid="20-D103-A*:*Default">
<Transform>
<Rotation>1 0 0 0 1 0 0 0 1</Rotation>
<Translation>0.039922500000000423 0.13766004962833725 -0.0099949999999998217</Translation>
</Transform>
</Instance>
<Instance name="20-A601-A-6" uid="20-A601-A-6" entityUid="20-A601-A*:*Default">
<Transform>
<Rotation>3.9310597124225504e-16 0 1 -3.1427857149015505e-05 0.99999999950614493 0 -0.99999999950614515 -3.1427857149018974e-05 4.4204582914805696e-16</Rotation>
<Translation>0.051500000000000025 0.014618598641284269 -0.057500747788911601</Translation>
</Transform>
</Instance>
<Instance name="20-A601-A-7" uid="20-A601-A-7" entityUid="20-A601-A*:*Default">
<Transform>
<Rotation>1.4072123340090225e-16 2.8887353427223416e-16 -0.99999999999999978 -5.5858095926453188e-16 0.99999999999999989 2.8887353427223401e-16 0.99999999999999989 5.5858095926453188e-16 1.407212334009024e-16</Rotation>
<Translation>-0.051500000000000018 0.014619999628337321 -0.04249500000000004</Translation>
</Transform>
</Instance>
<Instance name="20-A601-A-9" uid="20-A601-A-9" entityUid="20-A601-A*:*Default">
<Transform>
<Rotation>-0.99999999999999989 0 -6.3259779547530858e-16 0 1 3.4000580129145419e-16 6.3259779547530848e-16 3.3653635433950058e-16 -0.99999999999999989</Rotation>
<Translation>-0.007500000000000011 0.014619999999999918 -0.10150000000000003</Translation>
</Transform>
</Instance>
<Instance name="IMU-1" uid="IMU-1" entityUid="IMU*:*Default">
<Transform>
<Rotation>1 0 0 0 1 0 0 0 1</Rotation>
<Translation>0 0.13766004962833728 -0.036594999999999905</Translation>
</Transform>
</Instance>
<Instance name="20-D103-A-29" uid="20-D103-A-29" entityUid="20-D103-A*:*Default">
<Transform>
<Rotation>1 0 0 0 1 0 0 0 1</Rotation>
<Translation>-0.039917499999999433 0.13766004962833731 -0.086829999999999977</Translation>
</Transform>
</Instance>
<Instance name="20-E201-A2-6" uid="20-E201-A2-6" entityUid="20-E201-A2*:*Default">
<Transform>
<Rotation>2.8359016346956326e-16 1 0 -3.1427857149417947e-05 0 -0.99999999950614482 -0.99999999950614482 2.835892595363137e-16 3.1427857149417947e-05</Rotation>
<Translation>0.050000000000000017 -0.15312986759644265 -0.0086954757899749078</Translation>
</Transform>
</Instance>
<Instance name="20-P103-A-1" uid="20-P103-A-1" entityUid="20-P103-A*:*Default">
<Transform>
<Rotation>0 -1.4918621893400536e-16 0.99999999999999978 0 0.99999999999999989 1.4918621893400534e-16 -0.99999999999999989 0 0</Rotation>
<Translation>-2.4999999999747353e-06 -0.15290000037166274 -0.050000000000000003</Translation>
</Transform>
</Instance>
<Instance name="20-E201-A2-7" uid="20-E201-A2-7" entityUid="20-E201-A2*:*Default">
<Transform>
<Rotation>-1 -1.2280623316066571e-16 1.4236707524893893e-16 -1.4236707524893893e-16 0 -1 1.2280623316066571e-16 -1 0</Rotation>
<Translation>0.041300000000000024 -0.1531300000000001 -0.10000000000000003</Translation>
</Transform>
</Instance>
<Instance name="20-M201-A2-1" uid="20-M201-A2-1" entityUid="20-M201-A2*:*open switch">
<Transform>
<Rotation>-0.99999999999999989 4.2624637740571163e-16 5.3565238876478296e-16 -4.2624637740571153e-16 -1 -1.0061396160665481e-16 5.3565238876478286e-16 0 0.99999999999999989</Rotation>
<Translation>-0.026399999999999993 -0.12130000000000005 -0.095800000000000052</Translation>
</Transform>
</Instance>
<Instance name="20-D101-A-7" uid="20-D101-A-7" entityUid="20-D101-A*:*Default">
<Transform>
<Rotation>1.8926032909526287e-15 5.5250942709861306e-16 1 0 1 -5.5250942709861306e-16 -1 0 1.8926032909526287e-15</Rotation>
<Translation>0.045002500000000396 0.13608524962833726 -0.0049999999999998154</Translation>
</Transform>
</Instance>
<Instance name="20-P104-A0-1" uid="20-P104-A0-1" entityUid="20-P104-A0*:*Default">
<Transform>
<Rotation>-1.7652809234257179e-16 0 -0.99999999999999989 0 1 0 0.99999999999999989 0 -1.7652809234257179e-16</Rotation>
<Translation>0 -0.056687550000000045 -0.030490000000000038</Translation>
</Transform>
</Instance>
<Instance name="reaction_wheel_mass-1" uid="reaction_wheel_mass-1" entityUid="reaction_wheel_mass*:*Default">
<Transform>
<Rotation>-0.77578717788396889 -4.9960036108132044e-16 -0.63099465499386553 -0.28223813457987773 -0.89438856037008296 0.34700250498807861 -0.56435440108118051 0.44729084841871136 0.69385517718121226</Rotation>
<Translation>0.029542500000000502 0.0059134061719469388 -0.035525508578637621</Translation>
</Transform>
</Instance>
<Instance name="20-A500-A3-1" uid="20-A500-A3-1" entityUid="20-A500-A3" rigid="true">
<Transform>
<Rotation>2.8322461388665738e-16 0 -1 -1.0755285551056204e-16 -1.0000000000000002 0 -1.0000000000000002 1.0755285551056204e-16 -2.8322461388665734e-16</Rotation>
<Translation>0.061714299860826702 0.080399313074310072 0.0065300864154457256</Translation>
</Transform>
<Instance name="Assem1^20-A500-A3-3" uid="Assem1^20-A500-A3-3" entityUid="Assem1^20-A500-A3" rigid="true">
<Transform>
<Rotation>5.6261301923572124e-15 0 1 0 1 0 -1 0 5.6261301923572124e-15</Rotation>
<Translation>-0.051856686843215483 0.035339201322906716 0.11649247280273443</Translation>
</Transform>
<Instance name="20-A504-A1-1" uid="20-A504-A1-1" entityUid="20-A504-A1*:*Default">
<Transform>
<Rotation>-3.4914813388431349e-15 0 1 0 1 0 -1 0 -3.4914813388431349e-15</Rotation>
<Translation>0.05478067294190879 0.01161136212306603 0.13968677325865986</Translation>
</Transform>
</Instance>
<Instance name="20-A506-A1-1" uid="20-A506-A1-1" entityUid="20-A506-A1*:*Default">
<Transform>
<Rotation>2.9869795878585451e-15 0.44729084841871131 -0.89438856037008285 4.3555682313009249e-16 0.89438856037008307 0.44729084841871142 1.0000000000000002 -1.7256056740613112e-15 2.4766997924872085e-15</Rotation>
<Translation>0.067835015919543301 0.036307021900281358 0.1396867732586598</Translation>
</Transform>
</Instance>
<Instance name="20-A501-B3-1" uid="20-A501-B3-1" entityUid="20-A501-B3*:*Default">
<Transform>
<Rotation>-4.052314039881823e-15 0.4472908484187112 0.89438856037008285 4.7184478546569153e-16 0.89438856037008307 -0.44729084841871131 -1.0000000000000002 -1.3905504065670044e-15 -3.8353951747102712e-15</Rotation>
<Translation>0.059783780648006477 0.020208027813619873 0.13968677325865983</Translation>
</Transform>
</Instance>
<Instance name="20-A505-A1-1" uid="20-A505-A1-1" entityUid="20-A505-A1*:*Default">
<Transform>
<Rotation>0.89438856037008263 0.44729084841871164 3.8093900450585005e-16 -0.44729084841871175 0.89438856037008285 1.5556070162529138e-15 3.551012942770685e-16 -1.5617076502892429e-15 1</Rotation>
<Translation>0.050660631059296218 0.020298258529173292 0.12398677325866009</Translation>
</Transform>
</Instance>
<Instance name="20-A505-A1-3" uid="20-A505-A1-3" entityUid="20-A505-A1*:*Default">
<Transform>
<Rotation>-0.89438856037008263 0.4472908484187117 -4.126616852272596e-15 0.44729084841871181 0.89438856037008285 3.1181172104648209e-16 3.8302694349567885e-15 -1.5669171166586816e-15 -1</Rotation>
<Translation>0.065328603449366363 0.012962688615106063 0.15538677325865982</Translation>
</Transform>
</Instance>
<Instance name="20-A505-A1-4" uid="20-A505-A1-4" entityUid="20-A505-A1*:*Default">
<Transform>
<Rotation>3.4571597483515158e-15 0.44729084841871142 -0.89438856037008274 1.0332240796051309e-16 0.89438856037008296 0.44729084841871153 1.0000000000000002 -1.638766296668941e-15 3.0458289627801859e-15</Rotation>
<Translation>0.065328603449366779 0.012962688615105807 0.12398677325865959</Translation>
</Transform>
</Instance>
<Instance name="20-A505-A1-2" uid="20-A505-A1-2" entityUid="20-A505-A1*:*Default">
<Transform>
<Rotation>-3.901248958201578e-15 0.44729084841871147 0.89438856037008274 2.8525565065829074e-16 0.89438856037008296 -0.44729084841871158 -1.0000000000000002 -1.4898635656768973e-15 -3.6168246813703715e-15</Rotation>
<Translation>0.050660631059297016 0.020298258529172931 0.15538677325865988</Translation>
</Transform>
</Instance>
</Instance>
<Instance name="Assem1^20-A500-A3-1" uid="Assem1^20-A500-A3-1" entityUid="Assem1^20-A500-A3" rigid="true">
<Transform>
<Rotation>1 0 0 0 1 0 0 0 1</Rotation>
<Translation>0.0017494134735356959 0.035339201322906716 -0.04843497339783373</Translation>
</Transform>
<Instance name="20-A504-A1-1" uid="20-A504-A1-1" entityUid="20-A504-A1*:*Default">
<Transform>
<Rotation>-3.4914813388431349e-15 0 1 0 1 0 -1 0 -3.4914813388431349e-15</Rotation>
<Translation>0.054780672941908817 0.01161136212306603 0.13968677325865975</Translation>
</Transform>
</Instance>
<Instance name="20-A506-A1-1" uid="20-A506-A1-1" entityUid="20-A506-A1*:*Default">
<Transform>
<Rotation>2.9869795878585447e-15 0.44729084841871153 -0.89438856037008307 4.3555682313009259e-16 0.89438856037008307 0.44729084841871153 1 -1.7256056740613116e-15 2.4766997924872088e-15</Rotation>
<Translation>0.067835015919543329 0.036307021900281358 0.13968677325865975</Translation>
</Transform>
</Instance>
<Instance name="20-A501-B3-1" uid="20-A501-B3-1" entityUid="20-A501-B3*:*Default">
<Transform>
<Rotation>-4.052314039881823e-15 0.44729084841871131 0.89438856037008285 4.7184478546569173e-16 0.89438856037008285 -0.44729084841871131 -1 -1.3905504065670055e-15 -3.8353951747102719e-15</Rotation>
<Translation>0.059783780648006504 0.020208027813619876 0.13968677325865975</Translation>
</Transform>
</Instance>
<Instance name="20-A505-A1-1" uid="20-A505-A1-1" entityUid="20-A505-A1*:*Default">
<Transform>
<Rotation>0.89438856037008274 0.44729084841871158 3.8093900450585025e-16 -0.44729084841871158 0.89438856037008274 1.5556070162529123e-15 3.5510129427706573e-16 -1.5617076502892433e-15 1</Rotation>
<Translation>0.050660631059296232 0.020298258529173292 0.12398677325866003</Translation>
</Transform>
</Instance>
<Instance name="20-A505-A1-3" uid="20-A505-A1-3" entityUid="20-A505-A1*:*Default">
<Transform>
<Rotation>-0.89438856037008274 0.44729084841871164 -4.1266168522725944e-15 0.44729084841871164 0.89438856037008274 3.1181172104648209e-16 3.8302694349567877e-15 -1.566917116658681e-15 -1</Rotation>
<Translation>0.06532860344936639 0.01296268861510607 0.15538677325865974</Translation>
</Transform>
</Instance>
<Instance name="20-A505-A1-4" uid="20-A505-A1-4" entityUid="20-A505-A1*:*Default">
<Transform>
<Rotation>3.4571597483515154e-15 0.44729084841871164 -0.89438856037008296 1.0332240796051313e-16 0.89438856037008296 0.44729084841871164 1 -1.6387662966689418e-15 3.045828962780187e-15</Rotation>
<Translation>0.065328603449366821 0.012962688615105807 0.12398677325865953</Translation>
</Transform>
</Instance>
<Instance name="20-A505-A1-2" uid="20-A505-A1-2" entityUid="20-A505-A1*:*Default">
<Transform>
<Rotation>-3.901248958201578e-15 0.4472908484187117 0.89438856037008296 2.8525565065829074e-16 0.89438856037008296 -0.4472908484187117 -1 -1.4898635656768983e-15 -3.6168246813703715e-15</Rotation>
<Translation>0.050660631059297037 0.020298258529172931 0.15538677325865979</Translation>
</Transform>
</Instance>
</Instance>
<Instance name="Assem1^20-A500-A3-2" uid="Assem1^20-A500-A3-2" entityUid="Assem1^20-A500-A3" rigid="true">
<Transform>
<Rotation>-1 0 2.6645352591003749e-15 0 1 0 -2.6645352591003749e-15 0 -1</Rotation>
<Translation>0.11131075935735561 0.035339201322906709 0.17185857311948619</Translation>
</Transform>
<Instance name="20-A504-A1-1" uid="20-A504-A1-1" entityUid="20-A504-A1*:*Default">
<Transform>
<Rotation>-3.4914813388431337e-15 0 1 0 1 0 -1 0 -3.4914813388431337e-15</Rotation>
<Translation>0.054780672941908783 0.01161136212306603 0.13968677325865972</Translation>
</Transform>
</Instance>
<Instance name="20-A506-A1-1" uid="20-A506-A1-1" entityUid="20-A506-A1*:*Default">
<Transform>
<Rotation>2.9869795878585431e-15 0.44729084841871125 -0.89438856037008296 4.3555682313009274e-16 0.89438856037008296 0.44729084841871125 1 -1.7256056740613108e-15 2.4766997924872085e-15</Rotation>
<Translation>0.067835015919543287 0.036307021900281351 0.13968677325865969</Translation>
</Transform>
</Instance>
<Instance name="20-A501-B3-1" uid="20-A501-B3-1" entityUid="20-A501-B3*:*Default">
<Transform>
<Rotation>-4.0523140398818222e-15 0.44729084841871114 0.89438856037008296 4.7184478546569192e-16 0.89438856037008296 -0.44729084841871114 -1 -1.3905504065670042e-15 -3.8353951747102719e-15</Rotation>
<Translation>0.059783780648006477 0.02020802781361988 0.13968677325865972</Translation>
</Transform>
</Instance>
<Instance name="20-A505-A1-1" uid="20-A505-A1-1" entityUid="20-A505-A1*:*Default">
<Transform>
<Rotation>0.89438856037008263 0.44729084841871175 3.8093900450585192e-16 -0.44729084841871175 0.89438856037008274 1.5556070162529113e-15 3.5510129427706411e-16 -1.5617076502892433e-15 1</Rotation>
<Translation>0.050660631059296204 0.020298258529173288 0.12398677325865998</Translation>
</Transform>
</Instance>
<Instance name="20-A505-A1-3" uid="20-A505-A1-3" entityUid="20-A505-A1*:*Default">
<Transform>
<Rotation>-0.89438856037008263 0.44729084841871181 -4.1266168522725952e-15 0.44729084841871181 0.89438856037008263 3.1181172104648169e-16 3.8302694349567877e-15 -1.5669171166586824e-15 -1</Rotation>
<Translation>0.065328603449366349 0.01296268861510607 0.15538677325865968</Translation>
</Transform>
</Instance>
<Instance name="20-A505-A1-4" uid="20-A505-A1-4" entityUid="20-A505-A1*:*Default">
<Transform>
<Rotation>3.4571597483515138e-15 0.44729084841871136 -0.89438856037008285 1.0332240796051313e-16 0.89438856037008285 0.44729084841871136 1 -1.638766296668941e-15 3.0458289627801863e-15</Rotation>
<Translation>0.065328603449366779 0.012962688615105807 0.12398677325865948</Translation>
</Transform>
</Instance>
<Instance name="20-A505-A1-2" uid="20-A505-A1-2" entityUid="20-A505-A1*:*Default">
<Transform>
<Rotation>-3.9012489582015756e-15 0.44729084841871147 0.89438856037008274 2.8525565065829084e-16 0.89438856037008296 -0.44729084841871158 -0.99999999999999978 -1.4898635656768975e-15 -3.6168246813703715e-15</Rotation>
<Translation>0.050660631059297016 0.020298258529172927 0.15538677325865974</Translation>
</Transform>
</Instance>
</Instance>
<Instance name="20-A503-A3-1" uid="20-A503-A3-1" grounded="true" entityUid="20-A503-A3*:*Default">
<Transform>
<Rotation>1 0 0 0 1 0 0 0 1</Rotation>
<Translation>0.056530086415445685 0.042188063445972736 0.061711799860826325</Translation>
</Transform>
</Instance>
<Instance name="Assem1^20-A500-A3-4" uid="Assem1^20-A500-A3-4" entityUid="Assem1^20-A500-A3" rigid="true">
<Transform>
<Rotation>-2.9420910152566664e-15 0 -1 0 1 0 1 0 -2.9420910152566664e-15</Rotation>
<Translation>0.16491685967410646 0.035339201322906709 0.0069311269189181665</Translation>
</Transform>
<Instance name="20-A504-A1-1" uid="20-A504-A1-1" entityUid="20-A504-A1*:*Default">
<Transform>
<Rotation>-3.4914813388431334e-15 0 1 0 1 0 -1 0 -3.4914813388431334e-15</Rotation>
<Translation>0.054780672941908783 0.01161136212306603 0.13968677325865983</Translation>
</Transform>
</Instance>
<Instance name="20-A506-A1-1" uid="20-A506-A1-1" entityUid="20-A506-A1*:*Default">
<Transform>
<Rotation>2.9869795878585443e-15 0.44729084841871131 -0.89438856037008285 4.3555682313009249e-16 0.89438856037008307 0.44729084841871142 1.0000000000000002 -1.7256056740613108e-15 2.4766997924872081e-15</Rotation>
<Translation>0.067835015919543301 0.036307021900281351 0.13968677325865983</Translation>
</Transform>
</Instance>
<Instance name="20-A501-B3-1" uid="20-A501-B3-1" entityUid="20-A501-B3*:*Default">
<Transform>
<Rotation>-4.0523140398818214e-15 0.44729084841871114 0.89438856037008296 4.7184478546569153e-16 0.89438856037008296 -0.44729084841871114 -1 -1.390550406567004e-15 -3.8353951747102712e-15</Rotation>
<Translation>0.059783780648006477 0.020208027813619873 0.13968677325865986</Translation>
</Transform>
</Instance>
<Instance name="20-A505-A1-1" uid="20-A505-A1-1" entityUid="20-A505-A1*:*Default">
<Transform>
<Rotation>0.89438856037008263 0.44729084841871175 3.8093900450584852e-16 -0.44729084841871175 0.89438856037008263 1.5556070162529133e-15 3.5510129427706805e-16 -1.5617076502892435e-15 0.99999999999999989</Rotation>
<Translation>0.050660631059296211 0.020298258529173285 0.12398677325866009</Translation>
</Transform>
</Instance>
<Instance name="20-A505-A1-3" uid="20-A505-A1-3" entityUid="20-A505-A1*:*Default">
<Transform>
<Rotation>-0.89438856037008263 0.44729084841871175 -4.1266168522725952e-15 0.44729084841871181 0.89438856037008252 3.1181172104648169e-16 3.8302694349567885e-15 -1.5669171166586826e-15 -0.99999999999999978</Rotation>
<Translation>0.065328603449366363 0.01296268861510607 0.15538677325865979</Translation>
</Transform>
</Instance>
<Instance name="20-A505-A1-4" uid="20-A505-A1-4" entityUid="20-A505-A1*:*Default">
<Transform>
<Rotation>3.4571597483515138e-15 0.44729084841871136 -0.89438856037008285 1.0332240796051305e-16 0.89438856037008285 0.44729084841871136 1 -1.638766296668941e-15 3.0458289627801863e-15</Rotation>
<Translation>0.065328603449366779 0.012962688615105807 0.12398677325865959</Translation>
</Transform>
</Instance>
<Instance name="20-A505-A1-2" uid="20-A505-A1-2" entityUid="20-A505-A1*:*Default">
<Transform>
<Rotation>-3.9012489582015772e-15 0.44729084841871147 0.89438856037008274 2.8525565065829079e-16 0.89438856037008296 -0.44729084841871158 -1.0000000000000002 -1.4898635656768975e-15 -3.6168246813703715e-15</Rotation>
<Translation>0.050660631059297016 0.020298258529172927 0.15538677325865985</Translation>
</Transform>
</Instance>
</Instance>
</Instance>
<Instance name="reaction_wheel_mass-3" uid="reaction_wheel_mass-3" entityUid="reaction_wheel_mass*:*Default">
<Transform>
<Rotation>-0.77731432194684891 -0.44729084841871103 -0.44239500654638997 0.38874108855747763 -0.89438856037008285 0.2212452692065478 -0.49463401719196215 -2.5641345991643392e-16 0.86910136867717669</Rotation>
<Translation>-0.014471991421363741 0.0059134061719469961 -0.018700000000000758</Translation>
</Transform>
</Instance>
<Instance name="reaction_wheel_mass-4" uid="reaction_wheel_mass-4" entityUid="reaction_wheel_mass*:*Default">
<Transform>
<Rotation>-0.74422718247535036 0.44729084841871142 -0.49604112509515891 -0.37219394636255604 -0.89438856037008285 -0.24807412071838014 -0.55461479168506533 -4.710251650572126e-16 0.83210722436722773</Rotation>
<Translation>0.014476991421364185 0.005913406171946977 -0.081299999999998956</Translation>
</Transform>
</Instance>
<Instance name="reaction_wheel_mass-2" uid="reaction_wheel_mass-2" entityUid="reaction_wheel_mass*:*Default">
<Transform>
<Rotation>-0.93910886678962147 1.8596235662471372e-15 -0.34361975542321921 0.15369797193668022 -0.89438856037008285 -0.42005480178386495 -0.3073295783676937 -0.44729084841871136 0.83992822739874917</Rotation>
<Translation>-0.02953749999999928 0.005913406171946977 -0.06447449142136269</Translation>
</Transform>
</Instance>
<Instance name="20-D103-A-19" uid="20-D103-A-19" entityUid="20-D103-A*:*Default">
<Transform>
<Rotation>0.99999877656298808 7.7622752865391619e-16 0.001564248230645086 -7.7619727594131771e-16 0.99999999999999989 0 -0.0015642482306450862 0 0.99999877656298797</Rotation>
<Translation>0.039922500000000374 0.1045104496283373 -0.0099949999999998443</Translation>
</Transform>
</Instance>
<Instance name="20-D103-A-20" uid="20-D103-A-20" entityUid="20-D103-A*:*Default">
<Transform>
<Rotation>0.99999877656298808 8.4030424545083222e-16 0.0015642482306448674 -8.4019230917227461e-16 0.99999999999999989 0 -0.0015642482306448681 0 0.99999877656298797</Rotation>
<Translation>-0.039917499999999467 0.10451044962833736 -0.086829999999999977</Translation>
</Transform>
</Instance>
<Instance name="20-D103-A-21" uid="20-D103-A-21" entityUid="20-D103-A*:*Default">
<Transform>
<Rotation>0.99999877656298808 6.0722595466700795e-16 0.0015642482306451365 -6.0711933527399231e-16 0.99999999999999989 0 -0.0015642482306451367 0 0.99999877656298797</Rotation>
<Translation>-0.039917499999999606 0.10451044962833736 -0.013169999999999979</Translation>
</Transform>
</Instance>
<Instance name="20-D103-A-15" uid="20-D103-A-15" entityUid="20-D103-A*:*Default">
<Transform>
<Rotation>0.99999877656298808 5.5684820086377508e-16 0.0015642482306450862 -5.5699531358727183e-16 0.99999999999999989 1.0061396160665481e-16 -0.0015642482306450864 0 0.99999877656298797</Rotation>
<Translation>0.039922500000000374 0.087935649628337345 -0.0099949999999998443</Translation>
</Transform>
</Instance>
<Instance name="20-D101-A-5" uid="20-D101-A-5" entityUid="20-D101-A*:*Default">
<Transform>
<Rotation>1.8926032909526287e-15 5.5684623578855498e-16 0.99999999999999978 0 0.99999999999999989 -5.5684623578855488e-16 -0.99999999999999989 0 1.8926032909526283e-15</Rotation>
<Translation>0.045002500000000369 0.10293564962833733 -0.0049999999999998414</Translation>
</Transform>
</Instance>
<Instance name="20-D101-A-6" uid="20-D101-A-6" entityUid="20-D101-A*:*Default">
<Transform>
<Rotation>1.8926032909526287e-15 5.5684623578855498e-16 0.99999999999999978 0 0.99999999999999989 -5.5684623578855488e-16 -0.99999999999999989 0 1.8926032909526283e-15</Rotation>
<Translation>0.045002500000000382 0.11951044962833729 -0.0049999999999998396</Translation>
</Transform>
</Instance>
<Instance name="20-D103-A-13" uid="20-D103-A-13" entityUid="20-D103-A*:*Default">
<Transform>
<Rotation>0.99999877656298808 6.0722595466700795e-16 0.0015642482306451365 -6.0711933527399231e-16 0.99999999999999989 0 -0.0015642482306451367 0 0.99999877656298797</Rotation>
<Translation>-0.03991749999999962 0.087935649628337387 -0.01316999999999998</Translation>
</Transform>
</Instance>
<Instance name="20-D103-A-18" uid="20-D103-A-18" entityUid="20-D103-A*:*Default">
<Transform>
<Rotation>0.99999877656298808 6.0722595466700795e-16 0.0015642482306451365 -6.0711933527399231e-16 0.99999999999999989 0 -0.0015642482306451367 0 0.99999877656298797</Rotation>
<Translation>0.039922500000000534 0.1045104496283373 -0.090004999999999835</Translation>
</Transform>
</Instance>
<Instance name="20-D103-A-22" uid="20-D103-A-22" entityUid="20-D103-A*:*Default">
<Transform>
<Rotation>0.99999877656298808 7.7622752865391619e-16 0.001564248230645086 -7.7619727594131771e-16 0.99999999999999989 0 -0.0015642482306450862 0 0.99999877656298797</Rotation>
<Translation>0.039922500000000388 0.12108524962833728 -0.0099949999999998217</Translation>
</Transform>
</Instance>
<Instance name="20-D103-A-14" uid="20-D103-A-14" entityUid="20-D103-A*:*Default">
<Transform>
<Rotation>0.99999877656298808 8.4030424545083222e-16 0.0015642482306448674 -8.4019230917227461e-16 0.99999999999999989 0 -0.0015642482306448681 0 0.99999877656298797</Rotation>
<Translation>-0.039917499999999481 0.087935649628337387 -0.086829999999999977</Translation>
</Transform>
</Instance>
<Instance name="20-D103-A-16" uid="20-D103-A-16" entityUid="20-D103-A*:*Default">
<Transform>
<Rotation>0.99999877656298808 6.0722595466700795e-16 0.0015642482306451365 -6.0711933527399231e-16 0.99999999999999989 0 -0.0015642482306451367 0 0.99999877656298797</Rotation>
<Translation>0.03992250000000052 0.087935649628337359 -0.090004999999999835</Translation>
</Transform>
</Instance>
<Instance name="20-D103-A-4" uid="20-D103-A-4" entityUid="20-D103-A*:*Default">
<Transform>
<Rotation>0.99834725783545419 6.2226640348896061e-16 0.057469581279396588 -6.359929943799968e-16 1 2.205594363258901e-16 -0.057469581279396588 -2.567451595293339e-16 0.99834725783545419</Rotation>
<Translation>-0.039917499999999627 0.038211249628337343 -0.01316999999999997</Translation>
</Transform>
</Instance>
<Instance name="20-D103-A-6" uid="20-D103-A-6" entityUid="20-D103-A*:*Default">
<Transform>
<Rotation>1 0 0 0 1 0 0 0 1</Rotation>
<Translation>0.039922500000000395 0.054786049628337302 -0.0099949999999998426</Translation>
</Transform>
</Instance>
<Instance name="20-D103-A-5" uid="20-D103-A-5" entityUid="20-D103-A*:*Default">
<Transform>
<Rotation>1 0 0 0 1 0 0 0 1</Rotation>
<Translation>0.039922500000000527 0.054786049628337281 -0.090004999999999835</Translation>
</Transform>
</Instance>
<Instance name="20-D103-A-7" uid="20-D103-A-7" entityUid="20-D103-A*:*Default">
<Transform>
<Rotation>1 0 0 0 1 0 0 0 1</Rotation>
<Translation>-0.039917499999999613 0.05478604962833733 -0.013169999999999979</Translation>
</Transform>
</Instance>
<Instance name="20-M103-C1-1" uid="20-M103-C1-1" entityUid="20-M103-C1*:*Default">
<Transform>
<Rotation>1.1817798379847666e-16 0 1 0 1.0000000000000002 0 -1.0000000000000002 0 1.2340358168770163e-16</Rotation>
<Translation>0.045237500000000014 -3.7166266592114638e-10 -0.050000000000000003</Translation>
</Transform>
</Instance>
<Instance name="20-D103-A-11" uid="20-D103-A-11" entityUid="20-D103-A*:*Default">
<Transform>
<Rotation>1 0 0 0 1 0 0 0 1</Rotation>
<Translation>0.039922500000000395 0.071360849628337317 -0.0099949999999998426</Translation>
</Transform>
</Instance>
<Instance name="20-D103-A-9" uid="20-D103-A-9" entityUid="20-D103-A*:*Default">
<Transform>
<Rotation>1 0 0 0 1 0 0 0 1</Rotation>
<Translation>-0.039917499999999613 0.071360849628337358 -0.013169999999999979</Translation>
</Transform>
</Instance>
<Instance name="20-D103-A-12" uid="20-D103-A-12" entityUid="20-D103-A*:*Default">
<Transform>
<Rotation>1 0 0 0 1 0 0 0 1</Rotation>
<Translation>-0.03991749999999946 0.071360849628337344 -0.086829999999999949</Translation>
</Transform>
</Instance>
<Instance name="20-D101-A-4" uid="20-D101-A-4" entityUid="20-D101-A*:*Default">
<Transform>
<Rotation>1.6705586860275962e-15 4.7704895589362185e-16 0.99999999999999989 -1.3530843112619095e-16 1 -4.7704895589362156e-16 -0.99999999999999989 -1.3530843112619019e-16 1.6705586860275962e-15</Rotation>
<Translation>0.045002500000000369 0.086360849628337372 -0.0049999999999998414</Translation>
</Transform>
</Instance>
<Instance name="20-M102-C0-1" uid="20-M102-C0-1" entityUid="20-M102-C0*:*Default">
<Transform>
<Rotation>1 0 0 0 1 0 0 0 1</Rotation>
<Translation>0 0 -0.0095250000000000005</Translation>
</Transform>
</Instance>
<Instance name="20-D103-A-10" uid="20-D103-A-10" entityUid="20-D103-A*:*Default">
<Transform>
<Rotation>1 0 0 0 1 0 0 0 1</Rotation>
<Translation>0.039922500000000527 0.071360849628337303 -0.090004999999999835</Translation>
</Transform>
</Instance>
<Instance name="20-D103-A-2" uid="20-D103-A-2" entityUid="20-D103-A*:*Default">
<Transform>
<Rotation>0.99299953715781919 0 -0.11811824247065729 0 1 0 0.11811824247065729 0 0.99299953715781919</Rotation>
<Translation>0.039922500000000527 0.038211249628337343 -0.090004999999999835</Translation>
</Transform>
</Instance>
<Instance name="20-D101-A-2" uid="20-D101-A-2" entityUid="20-D101-A*:*Default">
<Transform>
<Rotation>1.6227193574704891e-15 4.5532340565283856e-16 0.99999999999999989 -1.3877787807814457e-16 1 -4.5532340565283826e-16 -0.99999999999999989 -1.3877787807814385e-16 1.6227193574704891e-15</Rotation>
<Translation>0.045002500000000376 0.053211249628337294 -0.0049999999999998362</Translation>
</Transform>
</Instance>
<Instance name="20-D103-A-8" uid="20-D103-A-8" entityUid="20-D103-A*:*Default">
<Transform>
<Rotation>1 0 0 0 1 0 0 0 1</Rotation>
<Translation>-0.03991749999999946 0.054786049628337316 -0.086829999999999949</Translation>
</Transform>
</Instance>
<Instance name="20-M401-B5-2" uid="20-M401-B5-2" entityUid="20-M401-B5*:*Default">
<Transform>
<Rotation>0 0 -0.99999999999999978 0 0.99999999999999989 0 0.99999999999999989 0 0</Rotation>
<Translation>-2.4999999999677969e-06 -0.15975000037166273 -0.050000000000000003</Translation>
</Transform>
</Instance>
<Instance name="20-D101-A-3" uid="20-D101-A-3" entityUid="20-D101-A*:*Default">
<Transform>
<Rotation>1.5541943934228483e-15 4.5361811492712099e-16 1 -1.3877787807814457e-16 1.0000000000000002 -4.5620812610027204e-16 -0.99999999999999989 -1.3877787807814457e-16 1.5541736084132094e-15</Rotation>
<Translation>0.045002500000000382 0.069786049628337316 -0.0049999999999998431</Translation>
</Transform>
</Instance>
<Instance name="20-M102-C0-2" uid="20-M102-C0-2" entityUid="20-M102-C0*:*Default">
<Transform>
<Rotation>-1 0 -2.0108975086161592e-16 0 1.0000000000000002 0 2.0140523804084821e-16 0 -1.0000000000000002</Rotation>
<Translation>0 0 -0.090475000000000028</Translation>
</Transform>
</Instance>
<Instance name="20-D103-A-1" uid="20-D103-A-1" entityUid="20-D103-A*:*Default">
<Transform>
<Rotation>0.99632152303274879 6.1376149764680461e-16 0.085693773062595457 -6.3360774960052879e-16 0.99999999999999989 2.2204460492503131e-16 -0.085693773062595471 -2.7755575615628914e-16 0.9963215230327489</Rotation>
<Translation>0.039922500000000374 0.038211249628337288 -0.0099949999999998339</Translation>
</Transform>
</Instance>
<Instance name="20-D103-A-3" uid="20-D103-A-3" entityUid="20-D103-A*:*Default">
<Transform>
<Rotation>1 0 0 0 1 0 0 0 1</Rotation>
<Translation>-0.039917499999999453 0.038211249628337315 -0.086829999999999949</Translation>
</Transform>
</Instance>
<Instance name="20-M103-C1-2" uid="20-M103-C1-2" entityUid="20-M103-C1*:*Default">
<Transform>
<Rotation>1.1817798379847663e-16 0 -1 0 1 0 1 0 1.1817798379847663e-16</Rotation>
<Translation>-0.045237500000000014 -3.7166266592114638e-10 -0.050000000000000003</Translation>
</Transform>
</Instance>
</InstanceTree>
<Constraints>
<Concentric name="Concentric1">
<ConstraintGeometry geomType="cylinder">
<InstancePath>
<Uid>20-M102-C0-1</Uid>
</InstancePath>
<Position>0.047610000000000006 -0.056750000000000023 0.0095250000000000005</Position>
<Axis>0 0 1</Axis>
</ConstraintGeometry>
<ConstraintGeometry geomType="cylinder">
<InstancePath>
<Uid>20-M103-C1-1</Uid>
</InstancePath>
<Position>-0.040475000000000032 -0.056749999628337398 0.0023725000000000065</Position>
<Axis>-1.0000000000000002 0 0</Axis>
</ConstraintGeometry>
</Concentric>
<Concentric name="Concentric2">
<ConstraintGeometry geomType="cylinder">
<InstancePath>
<Uid>20-M102-C0-1</Uid>
</InstancePath>
<Position>0.047610000000000006 0.056749999999999981 0.0095250000000000005</Position>
<Axis>0 0 1</Axis>
</ConstraintGeometry>
<ConstraintGeometry geomType="cylinder">
<InstancePath>
<Uid>20-M103-C1-1</Uid>
</InstancePath>
<Position>-0.040475000000000004 0.056750000371662661 0.0023724999999999996</Position>
<Axis>-1.0000000000000002 0 0</Axis>
</ConstraintGeometry>
</Concentric>
<Coincident name="Coincident1">
<ConstraintGeometry geomType="plane">
<InstancePath>
<Uid>20-M102-C0-1</Uid>
</InstancePath>
<Position>0 0 0</Position>
<Axis>0 0 -1</Axis>
</ConstraintGeometry>
<ConstraintGeometry geomType="plane">
<InstancePath>
<Uid>20-M103-C1-1</Uid>
</InstancePath>
<Position>-0.040475000000000039 0.15975000000000006 0.0047625000000000028</Position>
<Axis>-1.0000000000000002 -1.6847178321153164e-16 0</Axis>
</ConstraintGeometry>
</Coincident>
<Coincident name="Coincident2">
<ConstraintGeometry geomType="plane">
<InstancePath>
<Uid>20-M102-C0-1</Uid>
</InstancePath>
<Position>0 0 0</Position>
<Axis>1 0 0</Axis>
</ConstraintGeometry>
<ConstraintGeometry geomType="plane">
<InstancePath>
<Uid>V5</Uid>
</InstancePath>
<Position>0 0 0</Position>
<Axis>1 0 0</Axis>
</ConstraintGeometry>
</Coincident>
<Concentric name="Concentric3">
<ConstraintGeometry geomType="cylinder">
<InstancePath>
<Uid>20-M103-C1-2</Uid>
</InstancePath>
<Position>-0.04047499999999999 0.056750000371662633 0.0023724999999999927</Position>
<Axis>-1 0 0</Axis>
</ConstraintGeometry>
<ConstraintGeometry geomType="cylinder">
<InstancePath>
<Uid>20-M102-C0-2</Uid>
</InstancePath>
<Position>0.04761 0.056750000000000016 0.0095250000000000196</Position>
<Axis>0 0 1.0000000000000002</Axis>
</ConstraintGeometry>
</Concentric>
<Concentric name="Concentric4">
<ConstraintGeometry geomType="cylinder">
<InstancePath>
<Uid>20-M103-C1-1</Uid>
</InstancePath>
<Position>0.040475000000000004 -0.056749999628337391 0.0023724999999999996</Position>
<Axis>1.0000000000000002 0 0</Axis>
</ConstraintGeometry>
<ConstraintGeometry geomType="cylinder">
<InstancePath>
<Uid>20-M102-C0-2</Uid>
</InstancePath>
<Position>-0.04761 -0.056750000000000043 0.0095250000000000057</Position>
<Axis>0 0 1.0000000000000002</Axis>
</ConstraintGeometry>
</Concentric>
<Coincident name="Coincident3">
<ConstraintGeometry geomType="plane">
<InstancePath>
<Uid>20-M103-C1-2</Uid>
</InstancePath>
<Position>-0.040475000000000018 0.15975 0.0047625000000000028</Position>
<Axis>-1 -1.3030786674004185e-16 0</Axis>
</ConstraintGeometry>
<ConstraintGeometry geomType="plane">
<InstancePath>
<Uid>20-M102-C0-2</Uid>
</InstancePath>
<Position>0 0 0</Position>
<Axis>0 0 -1.0000000000000002</Axis>
</ConstraintGeometry>
</Coincident>
<Parallel name="Parallel1">
<ConstraintGeometry geomType="plane">
<InstancePath>
<Uid>20-M102-C0-1</Uid>
</InstancePath>
<Position>0.041500000000000002 -0.17025000000000001 0.0095250000000000005</Position>
<Axis>0 -1 0</Axis>
</ConstraintGeometry>
<ConstraintGeometry geomType="plane">
<InstancePath>
<Uid>20-M102-C0-2</Uid>
</InstancePath>
<Position>-0.050000000000000037 -0.17025000000000007 0.0095250000000000196</Position>
<Axis>0 -1.0000000000000002 0</Axis>
</ConstraintGeometry>
</Parallel>
<Coincident name="Coincident10">
<ConstraintGeometry geomType="plane">
<InstancePath>
<Uid>20-M102-C0-1</Uid>
</InstancePath>
<Position>0 0 0.0065249999999999996</Position>
<Axis>0 0 -1</Axis>
</ConstraintGeometry>
<ConstraintGeometry geomType="plane">
<InstancePath>
<Uid>20-M401-B5-2</Uid>
</InstancePath>
<Position>0.046999999999999986 0.0063499999999999945 0</Position>
<Axis>0.99999999999999989 0 0</Axis>
</ConstraintGeometry>
</Coincident>
<Coincident name="Coincident11">
<ConstraintGeometry geomType="plane">
<InstancePath>
<Uid>20-M103-C1-1</Uid>
</InstancePath>
<Position>0 0 0</Position>
